n    a                 b                 m                 f(m)              b-m               
1    1.000000000000000 0.000000000000000 1.000000000000000 0.500000000000000 -8.7500000000000000.500000000000000 
2    2.000000000000000 0.000000000000000 0.500000000000000 0.250000000000000 -3.4375000000000000.250000000000000 
3    3.000000000000000 0.000000000000000 0.250000000000000 0.125000000000000 -0.7343750000000000.125000000000000 
4    4.000000000000000 0.000000000000000 0.125000000000000 0.062500000000000 0.628906250000000 0.062500000000000 
5    5.000000000000000 0.062500000000000 0.125000000000000 0.093750000000000 -0.0537109375000000.031250000000000 
6    6.000000000000000 0.062500000000000 0.093750000000000 0.078125000000000 0.287353515625000 0.015625000000000 
7    7.000000000000000 0.078125000000000 0.093750000000000 0.085937500000000 0.116760253906250 0.007812500000000 
8    8.000000000000000 0.085937500000000 0.093750000000000 0.089843750000000 0.031509399414062 0.003906250000000 
9    9.000000000000000 0.089843750000000 0.093750000000000 0.091796875000000 -0.0111045837402340.001953125000000 
10   10.0000000000000000.089843750000000 0.091796875000000 0.090820312500000 0.010201454162598 0.000976562500000 
11   11.0000000000000000.090820312500000 0.091796875000000 0.091308593750000 -0.0004518032073970.000488281250000 
12   12.0000000000000000.090820312500000 0.091308593750000 0.091064453125000 0.004874765872955 0.000244140625000 
13   13.0000000000000000.091064453125000 0.091308593750000 0.091186523437500 0.002211466431618 0.000122070312500 
14   14.0000000000000000.091186523437500 0.091308593750000 0.091247558593750 0.000879827886820 0.000061035156250 
15   15.0000000000000000.091247558593750 0.091308593750000 0.091278076171875 0.000214011408389 0.000030517578125 
16   16.0000000000000000.091278076171875 0.091308593750000 0.091293334960938 -0.0001188961323350.000015258789062 
17   17.0000000000000000.091278076171875 0.091293334960938 0.091285705566406 0.000047557579819 0.000007629394531 
18   18.0000000000000000.091285705566406 0.091293334960938 0.091289520263672 -0.0000356692908100.000003814697266 
19   19.0000000000000000.091285705566406 0.091289520263672 0.091287612915039 0.000005944140867 0.000001907348633 
20   20.0000000000000000.091287612915039 0.091289520263672 0.091288566589355 -0.0000148625758810.000000953674316 
21   21.0000000000000000.091287612915039 0.091288566589355 0.091288089752197 -0.0000044592177350.000000476837158 
22   22.0000000000000000.091287612915039 0.091288089752197 0.091287851333618 0.000000742461509 0.000000238418579 
23   23.0000000000000000.091287851333618 0.091288089752197 0.091287970542908 -0.0000018583781270.000000119209290 
24   24.0000000000000000.091287851333618 0.091287970542908 0.091287910938263 -0.0000005579583120.000000059604645 
25   25.0000000000000000.091287851333618 0.091287910938263 0.091287881135941 0.000000092251597 0.000000029802322 
26   26.0000000000000000.091287881135941 0.091287910938263 0.091287896037102 -0.0000002328533580.000000014901161 
27   27.0000000000000000.091287881135941 0.091287896037102 0.091287888586521 -0.0000000703008800.000000007450581 
28   28.0000000000000000.091287881135941 0.091287888586521 0.091287884861231 0.000000010975359 0.000000003725290 
29   29.0000000000000000.091287884861231 0.091287888586521 0.091287886723876 -0.0000000296627610.000000001862645 
30   30.0000000000000000.091287884861231 0.091287886723876 0.091287885792553 -0.0000000093437010.000000000931323 
31   31.0000000000000000.091287884861231 0.091287885792553 0.091287885326892 0.000000000815829 0.000000000465661 
32   32.0000000000000000.091287885326892 0.091287885792553 0.091287885559723 -0.0000000042639360.000000000232831 
33   33.0000000000000000.091287885326892 0.091287885559723 0.091287885443307 -0.0000000017240540.000000000116415 

Result:
Approx Value of Root: 0.091287885443307
Percentage Upperbound on Error: 0.000000127525488
